026708340
030109200
470003800
000076000
304800000
580034026
652300790
703400000
908267010

001060890
020085000
300904500
000609103
000200058
710048920
000001680
007030205
106070340

000652000
278090000
600007214
300045900
890060070
460970132
003784609
900500080
006300000

000001250
413702000
070008304
005140078
831200500
006589103
009800700
057910000
200370901

000105000
600080004
030200000
810000000
000760051
000010000
790000003
008000000
020090005

156070000
020000000
400008600
000000000
200601580
000200000
300060904
700000000
000000000

050060000
020300000
367008000
040001028
800649000
010700604
004870156
000024800
000050340

000000000
600000300
090007280
000600807
070901040
000002093
000000001
040070000
000000000

803504200
520000000
007210003
300090102
210835040
000040830
700000605
150620004
602003017

031008009
608730210
009001000
900000058
010092007
400003020
062000500
395026000
170900060

000000004
050000090
000008000
500000000
060700000
009203080
000007040
103000008
608000007

000417060
000005000
600032000
047306851
012008003
006090002
800100020
023800416
190204300

009000500
061000700
500790002
900002601
710000000
000001030
890000000
300407010
040600078

060054021
000000630
102000000
006000002
050200000
900006000
400007010
000000000
010000007

050600900
080000000
000000014
000000000
000070580
000002100
802700000
730060200
000000000

200000061
010907480
000000002
090260007
340758200
062100054
920475018
100000040
457000000

007120090
080090500
000000006
300000000
000010000
040385000
000031080
000059000
000700000

109072604
240000000
607040015
700000000
000857126
000420709
004600070
970280450
001004960

190000000
000329700
380050009
064082031
003007000
000003070
421630900
578094003
006871420

000000000
650001080
000004500
000002000
000000400
000600003
000710900
103040006
206030000